0000100011011111011101000110100100000110111001000110100011001111101011010010011000110001000100110101111101000110111111110010101100010011011111110111000011010011101000111001010110101010010000110000110101000101111000001000110101110100110101011000010101100001
0110111100100010000110011000000100100001110111111011010010011100100110110000010000101100001100011101101001000101100000101001001010110011001100101010101000111100000111010001111010110101000011011001001100010101101101100111000101110101010111001110111011000101
1110001011011011100100101000111100011110001011011010100011010101001000001100001000101000100000001011101101001110101111001011011101101110110101100001000101110010100100100010010100010100010001110000010111111111100001111101001001111001100101010111111111110101
1110100100110001000110110110100100101101001101001100010010011111000110010011001101101010100010001000100111011000001010001100010001111101111110000001010111000100110000110011111000001100000110011110001110011100110010000011111000111011001011010000101011000000
1010110111101011001011100100101000000100111111110000101000001010011110010010111100000110101001011101100100110011101000000111000011101001010111101001100001000000010000111011000110100010011110111100000110001000001011010011001011001100011010010111100001011101
1000101001110011110000100001110111000111100010101000100110110110100010100100000000001011100101001111010111111101010000111010110100111101011110011011111000001111010001101101010101100000001000111110011111110111011111010010111101100011111111011100101110111011
0011010110110101101111111101111100010101001010001000111111111101001101110010100111000110110100000011100001001010000000000011101100011010111001011110101100111000111100001111010110001001111000101100101100101000110101101110001001110001011100110001110111000010
1110110000100110001010000110110110101100100111111100111100010101010001110010111001111000101110110011011000000011111001010000100110001001000100111110011100010101010001000001111000111000110001001001001101000110101110111100010000110010001010110111101111001001
1001010111001000001110011011001110011100010001000000100111111101100110111100100000011011001000111011101111011010110011000011001001000111111100110010011001110111011100111111010011101011000010101101010111011011001101101001100100111011111000010110011010001000
0011010001011110011010010000101011011010100010000001111000111111110010001011111101101110111000101001001111000001111010000100001011000101001010101110010001000111010010010100101100011010111000000110111101111111001101001101101010001011101010111111110011110110
