0100110101001101111101101000110001111110001100111100101011000011110011111110001101101011001001100111111001000100101100001010000110011111010111010001100111101110111000001111000110010011100100001111001101101110000100101011101100011000001011100010001001100010
0011111110011110010101100110111011010010111111010011111101100001011100001100000111000110000001010110100011000011000111000010011100100101011000100110100001101100011110111100111111001101100001000011110101100011100001001111000010101101011011100010001110100011
0111110011110111100110110010000101011101101011111110101110011100101001001100001100111000001010111111100110001101000110011001000110111000101111000101111000000101101010100110101001000110101010000001101101111110100011001100100111010001000010010110000110100100
0111011001110000001111010010011111101010000101111001011101111100011111000011001000101101010010111110011111111010011110010111000100111001110111001001110001001111010010010010101110110000100101111001101111111010111000001100101100100010010111111000001011101101
0100011111111100110000111000001000101011011101010001001100001101110010000111000100001101111010100011111110010100110101100000110110101001011010111111001000000011111001101001100011011100110101011001011110000100000011001001111101011110000010100100110001000111
1101011010000111101100110001001111100111000111010110100110000101110011100000100110010010001000101010100101011110111011100001110111001110001011001010010110011100100111111110001000011010111000111011111110000100010000011000001101111010001011000000101011110001
0001010110101111010000001100010010011111101110101010001110000011111011101011101000001101110011110110110011000010110010000100111110010001010111010001000011100010111101111110111001111101000110000101101110010011011001001100101101010100101000101011100100011101
1111010011011011011100010001111001000001010110011011111011111101001110000011010111010011000100111000011000011100011001111001100010101010110101011010111111110001111101110011011010111101110010100111101010011100011101111110000110110000001010001100101001110100
0011100110011011010001111011011001110010011111101100010000010011110001011101000101101110010000111111000100001001001011000001001000100110110010010110100010111010110010100001010110101011000001010100100111100001110010111101010010000001000000110011111011100001
0100000100111010001101101110101100010110101100000010111001010110011100011011110111101110010110111100101001000011011111111000111000101000111110011100011100100111010101010000110010010101110110001010011111010001110110011110001011110001100101110111011111111110
